data/hubbard_brook/ascii_hubbard_clipped.txt
ncols        860
nrows        520
xllcorner    274969.702300000004
yllcorner    4866237.345599999651
dx           9.999982558140
dy           10.000091346154
NODATA_value -2147483647
[rows 280 to 319 of 520, columns 180 to 269 of 860]
533 533 532 532 531 531 530 530 530 529 529 528 528 528 527 526 526 526 525 524 524 523 523 522 522 522 521 521 521 520 520 519 519 519 519 518 518 517 517 516 516 515 515 515 514 513 513 512 512 512 512 512 511 511 511 511 511 511 511 511 511 510 510 510 510 510 510 510 510 509 509 509 508 508 508 508 507 507 507 507 506 506 506 505 505 505 505 504 504 504
534 533 533 532 532 531 531 531 531 530 529 529 529 528 527 527 527 526 525 524 524 523 523 523 522 522 521 521 521 520 520 520 519 519 519 518 518 518 517 517 516 516 516 515 514 513 513 513 512 512 512 512 511 511 511 511 511 511 511 511 511 510 510 510 510 510 510 510 510 509 509 509 509 508 508 508 508 508 507 507 507 506 506 506 505 505 505 505 504 504
535 534 533 533 532 532 532 532 531 530 530 529 529 528 528 527 527 527 525 525 524 524 523 523 522 522 522 521 521 521 520 520 520 520 519 519 518 518 517 517 516 516 516 515 514 514 513 513 512 512 512 512 511 511 511 511 511 511 511 511 511 510 510 510 510 510 510 510 510 509 509 509 509 509 508 508 508 508 507 507 507 506 506 506 506 506 505 505 505 504
536 535 534 533 533 533 532 532 532 531 530 530 529 529 528 528 528 527 525 525 524 524 523 523 522 522 522 521 521 521 521 520 520 520 520 519 518 518 518 517 517 516 516 515 514 514 513 513 512 512 512 512 511 511 511 511 511 511 511 511 511 510 510 510 510 510 510 510 510 510 509 509 509 509 509 508 508 508 508 507 507 507 506 506 506 506 506 505 505 505
536 535 535 534 534 533 533 533 532 531 531 530 530 529 529 528 528 527 526 525 524 524 523 523 523 523 522 522 521 521 521 520 520 520 520 519 519 518 518 517 517 516 516 516 514 514 513 513 512 512 512 512 512 511 511 511 511 511 511 511 511 510 510 510 510 510 510 510 510 510 509 509 509 509 509 509 508 508 508 508 507 507 507 506 506 506 506 506 505 505
536 535 535 534 534 533 533 533 532 531 531 530 530 529 529 528 528 527 526 525 524 524 523 523 523 523 522 522 521 521 521 520 520 520 520 519 519 518 518 517 517 516 516 516 514 514 513 513 512 512 512 512 512 511 511 511 511 511 511 511 511 510 510 510 510 510 510 510 510 510 509 509 509 509 509 509 508 508 508 508 507 507 507 506 506 506 506 506 505 505
537 536 535 535 534 534 533 533 533 532 531 531 530 530 529 528 528 528 526 525 525 524 524 523 523 523 522 522 522 521 521 521 520 520 520 519 519 519 518 518 517 516 516 516 515 514 514 513 513 512 512 512 512 511 511 511 511 511 511 511 511 510 510 510 510 510 510 510 510 510 510 510 509 509 509 509 509 509 508 508 508 507 507 507 507 507 506 506 506 505
538 536 536 535 535 534 534 534 534 533 532 532 532 531 530 529 529 529 527 526 525 525 524 524 523 523 523 522 522 522 522 521 521 521 521 520 520 519 519 518 518 517 517 516 515 515 514 514 513 513 512 512 512 512 511 511 511 511 511 511 511 511 511 511 510 510 510 510 510 510 510 510 510 510 510 509 509 509 509 508 508 508 508 507 507 507 507 506 506 506
538 537 536 536 535 535 534 534 534 533 533 533 532 532 531 530 530 529 527 527 526 525 524 524 524 524 523 523 522 522 522 522 521 521 521 520 520 520 519 518 518 517 517 517 516 515 514 514 513 513 513 513 512 512 512 511 511 511 511 511 511 511 511 511 511 511 510 510 510 510 510 510 510 510 510 510 509 509 509 509 508 508 508 508 507 507 507 506 506 506
539 538 536 536 536 535 535 535 535 534 534 533 533 532 532 531 531 530 528 527 526 525 525 524 524 524 523 523 523 523 522 522 522 522 521 521 520 520 519 519 518 518 518 517 516 516 515 514 514 513 513 513 512 512 512 512 512 511 511 511 511 511 511 511 511 511 511 510 510 510 510 510 510 510 510 510 510 510 509 509 509 508 508 508 507 507 507 507 506 506
542 540 538 537 536 536 536 536 535 535 534 534 534 533 532 532 532 531 529 528 527 526 525 524 524 524 524 523 523 523 523 522 522 522 522 521 521 520 520 519 519 518 518 518 517 516 515 515 514 514 513 513 513 512 512 512 512 512 512 512 512 511 511 511 511 511 511 511 511 511 511 511 511 511 510 510 510 510 510 509 509 509 508 508 508 508 507 507 507 506
545 543 541 539 538 537 536 536 536 535 535 535 534 534 533 533 533 532 530 529 528 527 526 525 524 524 524 524 523 523 523 523 523 523 522 521 521 521 520 520 519 519 519 518 517 517 516 515 515 514 514 514 513 513 512 512 512 512 512 512 512 511 511 511 511 511 511 511 511 511 511 511 511 511 511 511 510 510 510 510 509 509 509 508 508 508 508 507 507 506
547 546 544 543 542 540 539 539 538 536 536 535 535 535 534 534 534 533 532 531 530 528 527 526 525 525 524 524 524 524 523 523 523 523 523 522 521 521 520 520 520 519 519 519 518 517 516 516 515 515 514 514 514 513 513 513 512 512 512 512 512 512 512 511 511 511 511 511 511 511 511 511 511 511 511 511 511 511 510 510 510 509 509 508 508 508 508 507 507 507
550 549 548 547 546 545 543 543 541 538 537 536 536 535 535 534 534 534 533 532 531 530 529 528 527 527 525 524 524 524 524 523 523 523 523 522 522 521 521 520 520 520 520 519 518 518 517 517 516 515 515 515 514 514 513 513 513 513 512 512 512 512 512 512 511 511 511 511 511 511 511 511 512 511 511 511 511 511 511 510 510 509 509 509 508 508 508 507 507 507
550 549 548 547 546 545 543 543 541 538 537 536 536 535 535 534 534 534 533 532 531 530 529 528 527 527 525 524 524 524 524 523 523 523 523 522 522 521 521 520 520 520 520 519 518 518 517 517 516 515 515 515 514 514 513 513 513 513 512 512 512 512 512 512 511 511 511 511 511 511 511 511 512 511 511 511 511 511 511 510 510 509 509 509 508 508 508 507 507 507
553 552 551 550 550 549 548 548 546 541 540 538 537 536 536 535 535 535 534 534 533 532 531 529 528 528 526 525 525 524 524 524 523 523 523 523 522 522 521 521 521 520 520 520 519 518 518 517 517 516 516 516 515 514 514 514 513 513 513 513 513 512 512 512 512 511 511 511 511 511 512 512 512 512 512 512 511 511 511 511 510 510 509 509 508 508 508 508 507 507
560 559 557 556 555 554 553 553 552 549 547 545 543 541 540 539 539 538 537 536 536 535 535 534 533 533 530 529 528 527 526 525 524 524 524 523 523 523 522 522 522 521 521 521 520 519 519 518 518 517 517 517 516 516 515 515 514 514 514 514 513 513 512 512 512 512 512 512 512 512 512 512 513 512 512 512 512 512 512 511 511 510 510 509 509 509 509 508 509 509
563 562 560 559 558 557 556 556 554 551 550 548 547 545 543 542 542 540 539 538 538 537 537 536 535 535 533 531 530 529 528 527 526 526 525 524 524 523 523 523 522 522 522 521 520 520 520 519 519 518 518 518 517 516 516 515 515 515 514 514 514 513 513 513 512 512 512 512 512 512 512 513 513 513 513 513 512 512 512 512 511 511 510 509 509 509 509 509 509 510
567 566 564 563 561 560 558 558 557 554 553 551 550 548 547 545 545 544 542 541 540 540 539 538 537 537 535 534 532 531 530 528 527 527 526 525 524 524 523 523 523 522 522 522 521 521 520 520 519 519 518 518 517 517 516 516 516 515 515 515 515 514 513 513 513 512 512 512 512 512 513 513 513 513 513 513 513 513 512 512 512 511 510 510 509 509 509 510 510 511
572 570 569 567 565 563 561 561 560 557 556 554 553 551 550 548 548 547 545 544 543 542 541 540 540 540 537 536 535 533 532 530 529 529 528 526 525 524 524 524 523 523 523 523 522 521 521 520 520 519 519 519 518 518 517 517 516 516 515 515 515 514 514 514 513 513 513 513 513 513 513 513 513 513 513 513 513 513 513 512 512 511 510 510 509 509 510 511 512 512
575 574 573 572 570 568 565 565 563 560 559 557 556 554 553 551 551 550 548 547 546 545 544 543 542 542 540 538 537 535 534 532 531 531 530 527 526 526 525 524 524 523 523 523 522 522 522 521 521 520 520 520 519 518 518 517 517 516 516 516 516 515 515 514 514 513 513 513 513 513 513 513 513 514 514 514 513 513 513 512 512 511 510 510 510 510 511 512 513 513
577 577 576 575 574 573 570 570 568 563 562 560 559 557 556 555 555 553 551 550 549 548 547 546 545 545 542 540 539 537 536 535 533 533 532 529 528 527 526 525 524 524 524 524 523 523 522 522 521 521 520 520 519 519 518 518 518 517 517 517 516 516 515 515 515 514 514 514 514 514 514 514 514 514 514 513 513 513 513 513 512 511 510 510 511 511 512 513 514 514
580 579 578 578 577 575 574 574 572 567 565 563 562 560 559 558 558 556 554 553 552 551 550 549 548 548 545 543 541 540 538 537 535 535 534 531 530 529 528 527 526 525 525 524 523 523 523 522 522 521 521 521 520 519 519 519 518 518 517 517 517 516 516 515 515 515 515 514 514 514 514 514 514 514 514 514 513 513 513 513 512 511 511 511 512 512 513 515 515 516
580 579 578 578 577 575 574 574 572 567 565 563 562 560 559 558 558 556 554 553 552 551 550 549 548 548 545 543 541 540 538 537 535 535 534 531 530 529 528 527 526 525 525 524 523 523 523 522 522 521 521 521 520 519 519 519 518 518 517 517 517 516 516 515 515 515 515 514 514 514 514 514 514 514 514 514 513 513 513 513 512 511 511 511 512 512 513 515 515 516
585 584 583 582 581 580 579 579 577 574 572 570 568 567 565 564 564 562 559 558 557 556 555 554 552 552 550 548 547 545 543 541 540 540 538 536 534 533 532 530 529 528 528 527 525 524 524 523 523 523 522 522 521 521 520 520 519 519 519 519 518 518 517 517 517 516 516 516 516 516 515 515 514 514 514 513 513 513 513 512 512 511 512 513 515 515 516 518 519 519
587 586 585 584 583 582 581 581 579 577 575 574 572 570 568 567 567 565 562 561 560 558 557 556 555 555 552 551 549 547 546 544 542 542 541 538 536 535 534 533 531 530 530 528 526 525 524 524 524 523 523 523 522 521 521 521 520 520 519 519 519 518 518 518 517 517 517 516 516 516 515 515 515 514 514 513 513 513 512 512 512 512 513 515 516 516 518 520 521 521
590 589 588 587 585 584 583 583 582 579 578 576 575 573 571 570 570 568 565 564 562 561 560 558 557 557 554 553 551 550 548 547 545 545 544 540 539 537 536 535 533 532 532 530 528 527 526 525 524 524 523 523 523 522 522 521 521 520 520 520 520 519 519 518 518 518 517 517 517 517 516 516 515 515 514 514 513 513 513 512 512 513 515 517 518 518 520 522 523 523
592 591 590 589 588 587 585 585 584 581 580 579 577 576 574 572 572 571 568 567 565 564 562 561 559 559 557 555 554 552 551 550 548 548 547 543 542 540 538 537 536 534 534 533 530 528 527 526 525 524 524 524 523 523 522 522 521 521 521 521 521 520 519 519 519 518 518 517 517 517 516 516 515 515 514 514 514 514 513 514 514 515 517 519 521 521 522 524 525 525
595 594 593 592 590 589 588 588 586 584 583 582 580 579 577 575 575 574 571 570 568 567 565 564 562 562 559 557 556 555 553 552 551 551 549 546 545 543 541 540 538 536 536 535 532 530 529 528 527 526 525 525 524 523 523 523 522 522 522 522 521 521 520 520 519 519 518 518 518 518 517 516 516 515 515 514 514 514 515 515 516 517 519 521 523 523 524 525 525 526
597 596 595 594 593 592 590 590 589 587 586 585 583 582 580 578 578 577 574 573 571 570 568 566 565 565 561 560 558 557 556 554 553 553 552 549 548 546 544 542 540 539 539 537 534 533 531 530 528 527 526 526 525 524 524 523 523 523 522 522 522 521 521 520 520 519 519 518 518 518 517 517 516 516 515 515 515 515 516 517 518 519 521 523 524 524 525 526 526 526
599 599 598 597 596 594 593 593 592 590 588 587 586 584 583 581 581 579 577 575 574 573 571 569 567 567 564 562 561 559 558 556 555 555 554 551 550 549 547 545 543 541 541 539 536 535 533 532 530 529 528 528 526 525 524 524 524 523 523 523 522 522 521 521 520 520 520 519 519 519 518 517 517 516 516 515 515 515 517 518 519 521 523 524 525 525 526 527 527 527
602 601 600 600 598 597 596 596 595 593 591 590 589 587 585 584 584 582 579 578 576 575 574 572 570 570 567 565 563 561 560 558 557 557 556 553 552 550 549 547 545 543 543 542 538 537 535 534 532 531 530 530 527 526 526 525 524 524 523 523 523 522 522 521 521 521 520 520 520 519 518 518 517 517 516 516 516 516 517 519 520 522 524 525 526 526 526 527 528 528
602 601 600 600 598 597 596 596 595 593 591 590 589 587 585 584 584 582 579 578 576 575 574 572 570 570 567 565 563 561 560 558 557 557 556 553 552 550 549 547 545 543 543 542 538 537 535 534 532 531 530 530 527 526 526 525 524 524 523 523 523 522 522 521 521 521 520 520 520 519 518 518 517 517 516 516 516 516 517 519 520 522 524 525 526 526 526 527 528 528
607 607 607 606 605 604 603 603 601 599 597 596 595 593 591 589 589 587 584 583 581 580 578 577 576 576 573 571 569 567 565 563 561 561 559 557 555 554 553 551 550 548 548 546 542 541 539 537 536 535 533 533 530 529 528 527 526 526 525 525 524 523 523 523 522 522 521 521 521 520 520 519 519 518 518 517 517 517 518 519 522 523 525 526 526 526 527 529 529 530
609 610 610 609 609 608 606 606 605 602 601 599 598 596 594 592 592 590 586 585 583 582 581 579 578 578 575 574 572 570 568 566 563 563 561 558 557 556 554 553 551 550 550 548 544 542 541 539 538 536 535 535 532 531 530 529 528 527 526 526 525 524 524 523 523 522 522 521 521 521 520 520 519 519 518 518 518 518 518 520 522 524 525 526 527 527 527 529 530 531
612 613 613 613 612 611 610 610 608 605 604 603 601 599 597 595 595 593 589 587 586 584 583 581 580 580 578 576 575 573 571 568 566 566 564 560 558 557 556 554 553 551 551 550 546 544 542 541 539 538 536 536 534 532 531 530 529 528 527 527 526 525 524 524 523 523 522 522 522 522 521 520 520 520 519 519 519 519 518 520 522 524 525 526 527 527 528 529 530 531
615 616 616 616 616 615 614 614 612 609 607 606 604 602 600 598 598 596 592 590 588 587 585 584 582 582 580 578 577 575 574 571 569 569 566 562 560 559 557 556 554 553 553 551 548 546 544 542 541 539 538 538 535 534 533 532 530 529 528 528 527 526 525 524 524 523 523 522 522 522 521 521 521 520 520 520 519 519 519 520 522 524 525 526 527 527 528 530 531 532
619 620 620 620 620 619 618 618 617 614 611 609 607 605 603 601 601 599 595 593 591 589 587 586 584 584 582 580 579 577 575 573 571 571 569 564 562 560 559 557 556 554 554 553 549 547 546 544 542 541 539 539 537 536 534 533 532 531 529 529 529 527 526 525 524 524 523 523 523 522 522 522 521 521 521 520 520 520 519 520 522 524 525 526 527 527 528 530 531 533
622 623 623 623 623 623 623 623 622 620 617 614 611 609 607 604 604 602 598 596 594 592 590 588 587 587 584 582 581 579 577 575 573 573 571 566 564 562 560 558 557 555 555 554 551 549 547 545 544 542 541 541 538 537 536 535 533 532 531 531 530 528 526 525 524 524 524 523 523 523 523 522 522 522 522 521 521 521 520 521 522 524 525 526 527 527 528 530 532 533
624 625 625 626 626 626 626 626 626 625 623 620 617 613 610 608 608 606 601 599 597 595 593 591 589 589 585 584 582 581 579 577 575 575 573 568 566 564 562 560 558 557 557 555 552 550 548 547 545 544 542 542 540 539 537 536 535 534 532 532 531 529 527 526 525 524 524 524 524 524 523 523 523 523 522 522 521 521 520 521 522 524 525 526 527 527 528 530 532 533
