data/hubbard_brook/ascii_hubbard_clipped.txt
ncols        860
nrows        520
xllcorner    274969.702300000004
yllcorner    4866237.345599999651
dx           9.999982558140
dy           10.000091346154
NODATA_value -2147483647
[rows 120 to 159 of 520, columns 270 to 359 of 860]
736 736 736 736 736 736 736 735 735 735 735 734 733 733 732 731 730 729 728 727 725 725 724 721 720 718 717 716 715 714 714 712 710 709 710 711 711 711 710 710 709 708 707 706 706 706 705 705 705 705 704 703 702 701 701 697 696 694 692 690 689 688 689 689 689 690 690 690 690 690 690 690 688 688 688 687 687 687 687 687 687 686 686 685 685 686 687 688 689 689
734 734 734 734 734 734 734 734 734 734 734 733 732 732 731 730 729 728 727 725 724 724 723 721 719 718 717 715 714 713 713 711 708 708 709 709 710 710 709 709 707 706 706 705 705 705 704 704 704 703 703 702 701 700 700 696 695 693 691 690 688 687 687 687 688 688 688 689 689 688 688 688 686 685 685 685 685 685 685 685 685 684 683 683 683 683 684 685 686 686
732 732 732 733 733 733 733 733 733 733 733 732 731 731 730 729 728 727 726 725 723 723 722 720 719 717 715 714 713 711 711 710 707 707 707 708 709 709 708 708 706 705 705 704 704 704 703 702 702 702 701 701 700 699 699 696 694 692 690 689 687 686 686 686 686 687 687 687 687 687 686 686 684 683 683 683 683 683 683 683 683 682 681 681 681 681 682 682 684 684
730 730 731 731 731 732 732 732 732 732 732 731 730 730 728 727 726 725 724 723 722 722 721 719 717 716 714 713 712 710 710 709 707 706 707 707 708 707 707 707 705 704 705 704 704 704 703 702 702 702 701 701 700 699 699 696 694 692 690 689 687 686 686 686 686 687 687 687 687 687 686 686 684 683 683 683 683 683 683 683 683 682 681 681 681 681 682 682 684 684
728 728 729 729 729 730 730 730 731 730 730 729 729 729 727 726 725 724 723 722 721 721 720 718 716 715 714 712 711 710 710 708 706 705 706 706 706 706 705 705 703 703 702 701 701 701 700 700 699 699 699 699 698 697 697 695 693 691 689 687 685 684 684 684 684 685 685 685 685 684 684 684 682 681 680 680 680 680 679 679 679 677 677 677 677 677 677 678 679 679
726 726 727 727 727 727 728 728 728 728 728 727 727 727 725 725 724 723 722 721 720 720 719 717 715 714 712 711 710 709 709 708 705 705 705 705 705 704 703 703 702 701 700 700 699 699 699 699 698 698 698 698 697 697 697 695 693 690 688 686 684 683 683 683 684 685 685 685 685 684 684 684 681 680 679 679 678 678 677 676 676 674 674 674 674 675 675 675 676 676
724 724 724 725 725 725 725 726 725 725 725 725 724 724 724 724 723 722 721 720 719 719 718 716 714 713 712 710 709 708 708 707 705 704 703 703 703 702 702 702 700 699 699 698 698 698 698 697 697 697 697 697 697 696 696 694 692 689 687 685 683 682 683 683 683 684 684 684 684 684 683 683 680 679 678 677 677 676 675 674 674 671 672 672 672 673 673 673 674 674
724 724 724 725 725 725 725 726 725 725 725 725 724 724 724 724 723 722 721 720 719 719 718 716 714 713 712 710 709 708 708 707 705 704 703 703 703 702 702 702 700 699 697 697 696 696 696 696 696 696 696 696 696 695 695 692 691 688 686 684 682 681 681 681 682 683 683 683 683 683 682 682 680 678 677 676 675 675 674 673 673 670 670 670 670 670 671 671 672 672
722 722 722 722 722 723 723 723 722 722 722 722 722 722 723 722 722 721 720 719 718 718 717 714 713 712 711 709 708 707 707 706 704 703 702 702 701 700 700 700 698 698 695 695 695 695 695 695 695 695 695 695 695 694 694 691 689 687 686 684 682 680 680 680 681 682 682 682 682 681 680 680 678 677 676 675 674 673 673 672 672 669 668 668 668 669 669 669 670 670
716 717 717 718 718 718 718 718 718 718 718 719 720 720 720 720 720 719 718 717 715 715 714 712 711 710 709 708 706 705 705 704 701 700 698 698 698 697 697 697 695 695 694 694 694 694 694 694 694 694 693 693 693 692 692 689 688 686 685 683 681 679 679 679 679 680 680 680 680 679 678 678 676 675 675 674 673 673 672 671 671 668 667 667 667 667 667 667 668 668
713 714 715 715 715 716 716 716 716 716 717 717 718 718 719 718 718 717 716 715 714 714 713 711 710 709 708 706 705 704 704 702 699 698 697 696 696 696 695 695 694 694 693 693 693 693 693 692 692 692 692 691 691 690 690 688 687 686 684 683 681 678 678 678 678 678 678 678 678 677 676 676 674 674 673 673 672 671 670 669 669 667 666 665 665 665 665 665 666 666
710 711 712 713 713 713 714 714 714 715 715 716 716 716 717 716 716 715 714 713 713 713 712 710 709 708 706 705 704 702 702 701 698 696 695 695 695 694 694 694 693 693 692 692 692 692 691 691 691 691 690 690 689 688 688 686 686 685 684 683 680 678 677 677 677 677 676 676 676 675 675 675 673 672 672 671 671 670 669 667 667 664 664 663 663 663 664 664 664 664
707 708 709 710 710 711 712 712 713 713 713 714 714 714 714 714 714 713 713 712 711 711 710 708 707 706 705 704 702 701 701 699 697 695 694 694 693 693 693 693 692 692 692 692 692 692 691 691 691 691 690 690 689 688 688 686 686 685 684 683 680 678 677 677 677 677 676 676 676 675 675 675 673 672 672 671 671 670 669 667 667 664 664 663 663 663 664 664 664 664
705 706 707 708 708 709 710 711 711 711 711 711 712 712 712 712 712 711 711 710 710 710 709 707 706 705 703 702 701 700 700 698 696 694 693 693 692 692 692 692 691 691 690 690 690 690 689 689 688 688 687 686 685 684 684 683 683 684 683 682 679 677 675 675 674 674 673 673 672 672 671 671 670 669 668 667 666 665 663 662 662 660 660 660 660 660 660 661 661 661
703 704 705 706 706 707 709 709 709 709 709 709 709 709 710 710 710 710 709 709 708 708 707 705 704 703 702 700 699 698 698 697 695 694 693 692 691 691 690 690 690 689 689 689 688 688 688 687 687 686 686 685 684 683 683 682 683 683 682 681 679 676 674 674 674 673 672 671 671 671 670 670 668 667 666 664 663 661 660 659 659 658 658 658 658 658 659 659 659 659
701 702 703 704 704 705 707 707 708 707 707 707 707 707 708 708 708 708 708 707 706 706 705 703 702 701 700 699 698 697 697 696 694 693 692 691 691 690 690 690 689 688 688 688 687 687 687 686 686 685 685 685 684 682 682 681 682 682 681 679 678 676 673 673 673 672 671 670 670 669 669 669 667 666 664 662 660 658 658 657 657 656 656 656 656 656 657 657 657 657
701 702 703 704 704 705 707 707 708 707 707 707 707 707 708 708 708 708 708 707 706 706 705 703 702 701 700 699 698 697 697 696 694 693 692 691 691 690 690 690 689 688 687 687 686 686 686 685 685 685 684 684 683 682 682 681 680 680 679 678 677 675 673 673 672 672 671 670 669 668 667 667 666 664 662 660 658 657 656 656 656 654 654 654 654 654 655 655 655 655
698 699 700 701 701 701 703 703 703 703 703 703 703 703 704 704 704 704 703 703 702 702 701 699 698 697 696 695 694 694 694 693 691 691 690 689 689 688 688 688 687 686 686 685 685 685 685 684 684 684 683 683 682 681 681 680 679 679 678 677 676 675 673 673 672 671 671 671 668 667 666 666 665 663 662 660 659 657 655 654 654 653 653 652 652 652 652 653 653 653
696 697 698 699 699 700 701 701 701 701 701 701 701 701 702 702 701 701 701 700 699 699 698 696 696 695 694 693 693 692 692 691 690 689 688 688 687 687 687 687 686 685 685 684 684 684 684 683 683 683 682 682 681 680 680 679 678 678 677 676 675 674 673 673 672 672 672 672 670 668 666 666 663 662 661 660 659 658 656 654 654 651 651 650 650 650 650 650 651 651
695 696 697 697 697 698 699 699 699 699 699 699 699 699 699 699 699 698 698 697 696 696 696 694 693 693 692 691 691 690 690 689 688 688 687 687 686 686 686 686 685 684 683 683 683 683 682 682 682 682 681 680 680 679 679 678 677 677 676 675 675 674 673 673 673 673 672 672 671 669 667 667 663 662 661 660 660 659 657 654 654 650 649 648 647 647 648 648 649 649
693 694 695 696 696 696 697 697 697 697 697 697 697 697 697 696 696 696 695 695 694 694 693 691 691 690 689 689 688 688 688 687 687 686 686 686 685 685 685 685 684 683 683 683 683 683 682 682 682 682 681 680 680 679 679 678 677 677 676 675 675 674 673 673 673 673 672 672 671 669 667 667 663 662 661 660 660 659 657 654 654 650 649 648 647 647 648 648 649 649
690 692 693 693 693 694 695 695 695 695 695 695 695 695 694 694 693 693 692 691 690 690 690 688 688 687 687 687 686 686 686 686 685 685 685 685 684 684 684 684 683 682 682 682 681 681 681 681 680 680 680 679 678 678 678 677 676 676 675 675 674 674 673 673 673 673 672 672 671 670 668 668 664 663 662 661 661 659 658 655 655 650 649 647 646 646 646 646 647 647
688 689 690 691 691 692 693 693 693 693 693 693 692 692 691 691 690 689 689 688 687 687 686 685 685 685 685 685 684 684 684 684 684 684 683 683 683 683 682 682 681 680 680 679 678 678 678 677 677 677 676 676 676 675 675 674 674 674 673 673 673 673 673 673 673 673 672 672 672 671 669 669 665 664 662 662 661 660 659 656 656 650 648 646 645 644 644 644 644 644
685 686 687 688 688 689 690 690 690 690 690 690 689 689 688 687 686 686 685 684 683 683 682 682 682 682 682 682 682 682 682 682 682 682 682 682 681 681 680 680 679 678 678 677 677 677 676 676 676 675 675 675 674 674 674 673 673 673 672 672 672 672 672 672 672 672 672 672 672 671 669 669 666 664 663 662 661 660 658 656 656 651 648 646 644 643 642 643 643 643
683 684 685 686 686 686 687 687 687 687 687 686 686 686 685 684 683 682 682 681 680 680 680 680 680 680 680 680 680 680 680 680 680 680 680 679 679 679 678 678 677 676 676 675 675 675 674 674 674 674 674 674 673 673 673 672 672 671 671 671 671 672 672 672 672 672 672 672 672 671 669 669 666 664 663 662 661 659 658 655 655 650 648 646 644 642 641 641 642 642
683 684 685 686 686 686 687 687 687 687 687 686 686 686 685 684 683 682 682 681 680 680 680 680 680 680 680 680 680 680 680 680 680 680 680 679 679 679 678 678 677 676 674 673 673 673 673 673 673 673 673 672 672 672 672 671 671 670 670 670 671 671 672 672 672 672 672 672 672 671 669 669 666 664 663 661 660 659 657 655 655 650 647 645 643 642 640 640 640 640
680 681 681 681 681 682 682 682 682 681 681 681 680 680 679 679 678 677 676 676 675 675 675 675 675 675 675 675 675 675 675 675 675 675 675 674 674 673 673 673 673 672 672 671 671 671 671 671 671 671 671 671 671 671 671 670 669 669 669 669 669 670 671 671 672 672 671 672 671 670 669 669 665 664 662 661 660 658 656 654 654 649 647 645 643 641 640 639 639 639
679 679 680 680 680 680 680 680 680 679 679 679 678 678 677 676 675 675 674 673 672 672 672 672 672 672 672 673 673 673 673 673 673 673 672 672 671 671 671 671 671 670 670 669 669 669 669 669 670 670 670 670 670 669 669 668 667 667 667 667 668 669 671 671 671 671 671 671 671 670 668 668 665 663 662 661 659 658 656 653 653 649 646 645 642 640 639 638 638 638
678 678 678 678 678 678 678 678 678 678 677 677 676 676 675 674 673 672 671 670 670 670 670 670 670 670 670 670 670 670 670 670 671 670 670 669 669 669 668 668 668 668 667 667 666 666 667 667 667 667 668 667 667 667 667 666 665 665 665 666 666 667 669 669 670 671 671 670 669 668 667 667 664 662 661 660 659 657 655 652 652 648 646 644 642 639 638 637 637 637
677 677 677 677 677 677 677 676 676 676 675 675 674 674 673 672 671 670 669 668 668 668 667 668 668 668 668 668 668 668 668 668 668 668 668 667 667 666 666 666 665 665 667 667 666 666 667 667 667 667 668 667 667 667 667 666 665 665 665 666 666 667 669 669 670 671 671 670 669 668 667 667 664 662 661 660 659 657 655 652 652 648 646 644 642 639 638 637 637 637
675 675 675 675 675 675 675 675 674 674 674 673 672 672 671 670 669 668 667 666 665 665 665 665 666 666 666 666 667 667 667 667 666 666 666 665 665 664 663 663 662 661 661 661 660 660 661 661 662 662 662 662 662 662 662 661 661 661 661 661 662 663 665 665 666 667 667 667 666 665 664 664 662 661 660 659 657 655 653 650 650 646 644 642 640 639 637 636 634 634
674 674 674 674 674 674 674 673 673 673 672 671 671 671 669 667 666 665 664 663 663 663 663 663 663 664 664 665 665 665 665 665 664 664 664 663 662 662 661 661 659 658 658 658 658 658 658 658 659 659 659 659 659 659 659 659 659 659 659 659 660 661 664 664 665 665 665 665 665 664 663 663 661 660 659 658 656 654 651 649 649 645 644 642 640 638 637 635 633 633
673 673 673 673 673 673 672 672 672 671 670 670 669 669 667 665 663 662 661 660 660 660 660 661 661 662 663 663 663 663 663 663 663 662 662 661 660 659 659 659 657 656 656 656 656 656 656 656 656 657 657 657 657 657 657 657 657 657 657 657 658 659 661 661 663 663 664 663 663 662 661 661 660 659 658 656 654 652 650 648 648 644 643 641 639 638 636 635 632 632
673 673 673 673 673 673 672 672 672 671 670 670 669 669 667 665 663 662 661 660 660 660 660 661 661 662 663 663 663 663 663 663 663 662 662 661 660 659 659 659 657 656 654 654 654 654 654 654 654 654 655 655 655 655 655 655 655 655 655 656 656 658 660 660 661 662 662 662 661 661 660 660 659 658 656 655 653 651 648 647 647 644 642 641 639 638 637 635 630 630
672 672 672 672 672 672 671 671 670 670 669 668 667 667 664 662 660 659 658 658 658 658 658 659 660 660 661 662 662 662 662 662 661 661 660 659 658 657 657 657 655 655 652 652 652 652 652 652 652 652 652 652 652 653 653 653 653 653 654 654 655 656 658 658 659 660 660 660 660 659 659 659 657 656 655 653 651 649 647 646 646 643 641 640 639 638 636 635 630 630
670 670 670 669 669 669 669 668 668 667 666 665 664 664 660 658 657 657 657 656 656 656 656 656 657 657 658 659 659 659 659 659 658 657 656 655 654 654 653 653 652 651 651 650 650 650 650 650 649 649 649 650 650 650 650 651 651 652 652 653 654 655 657 657 658 658 658 659 659 658 658 658 656 654 653 651 649 647 646 645 645 642 641 640 638 637 636 635 629 629
669 669 668 668 668 668 668 667 667 666 665 664 663 663 660 658 657 657 656 656 655 655 655 655 656 656 657 657 657 657 657 657 655 655 654 653 652 651 651 651 650 649 649 649 648 648 648 648 647 647 647 647 648 648 648 649 650 650 651 651 652 653 655 655 655 656 656 656 656 656 656 656 654 652 651 649 648 646 645 644 644 641 640 639 638 637 636 635 629 629
667 667 667 667 667 667 667 666 666 665 665 664 663 663 661 658 657 656 656 655 655 655 654 655 655 655 655 655 655 655 655 654 653 652 651 650 650 650 649 649 648 648 647 647 646 646 646 646 645 645 645 645 646 646 646 648 648 649 649 649 650 651 652 652 653 653 654 654 654 654 654 654 652 650 649 647 646 645 644 643 643 640 639 638 637 637 636 635 628 628
666 666 666 666 666 666 666 666 665 665 664 663 662 662 661 659 658 656 655 655 654 654 654 653 653 653 653 653 653 652 652 651 650 649 648 648 648 647 647 647 646 646 647 647 646 646 646 646 645 645 645 645 646 646 646 648 648 649 649 649 650 651 652 652 653 653 654 654 654 654 654 654 652 650 649 647 646 645 644 643 643 640 639 638 637 637 636 635 628 628
664 665 665 665 665 665 665 665 664 664 663 662 662 662 660 659 658 656 655 654 654 654 653 652 652 652 651 651 651 649 649 649 646 646 646 646 646 646 645 645 645 644 644 643 643 643 642 642 642 642 642 642 642 642 642 644 644 645 645 645 646 646 647 647 648 648 648 649 649 648 648 648 647 646 645 644 644 643 642 641 641 639 638 636 636 635 634 633 627 627
