data/hubbard_brook/ascii_hubbard_clipped.txt
ncols        860
nrows        520
xllcorner    274969.702300000004
yllcorner    4866237.345599999651
dx           9.999982558140
dy           10.000091346154
NODATA_value -2147483647
[rows 200 to 239 of 520, columns 90 to 179 of 860]
650 646 646 643 637 634 631 628 625 622 621 621 618 616 614 612 610 609 606 604 604 601 600 600 599 598 596 594 594 591 587 584 581 578 575 573 570 570 564 562 559 557 555 553 551 549 549 546 545 545 545 545 545 545 545 546 547 547 548 549 549 550 551 551 553 553 554 555 556 557 558 559 559 562 563 565 566 568 569 571 571 572 574 575 575 576 577 578 579 579
650 646 646 643 636 633 631 628 625 622 621 621 618 616 614 613 611 610 608 607 607 604 602 601 601 599 598 595 595 592 587 585 582 579 576 574 571 571 565 563 560 558 556 554 552 550 550 546 545 544 544 544 544 545 545 545 546 546 547 548 548 549 550 550 551 552 553 554 555 556 557 558 558 561 562 564 565 567 568 570 570 571 573 574 574 575 575 576 578 578
649 646 646 643 636 633 630 628 625 622 621 621 618 616 615 613 612 611 611 610 610 606 604 603 601 600 599 596 596 593 587 585 582 580 577 575 572 572 566 564 561 559 557 555 553 551 551 547 545 544 543 543 543 544 544 544 545 545 546 546 547 548 548 548 550 551 552 553 554 555 556 557 557 560 561 563 564 565 567 568 568 569 571 572 573 573 574 575 576 576
649 646 646 643 636 633 630 628 626 623 621 621 619 617 616 615 614 613 612 611 611 608 606 604 602 600 599 597 597 594 587 585 583 580 578 575 573 573 567 565 562 560 557 555 553 551 551 548 546 544 543 542 542 543 543 543 544 544 545 545 546 547 547 547 549 550 551 551 552 553 555 556 556 559 560 562 563 564 566 567 567 568 570 571 571 572 572 573 574 574
650 647 647 644 637 634 632 629 627 625 623 623 620 619 618 617 616 614 613 612 612 610 607 605 603 601 599 597 597 594 587 585 583 581 579 576 574 574 569 566 563 560 558 556 554 552 552 548 546 544 543 542 541 542 542 542 543 543 544 544 545 546 546 546 548 548 549 550 551 552 553 555 555 558 559 561 562 563 564 565 565 566 568 569 570 570 571 572 573 573
651 649 649 646 639 636 633 631 629 627 625 625 622 621 620 619 618 617 615 613 613 610 608 606 603 601 599 597 597 594 588 585 583 581 579 577 575 575 570 567 564 561 559 557 554 552 552 548 547 545 543 542 541 541 541 541 542 542 543 543 544 544 545 545 546 547 548 549 550 551 552 553 553 557 558 559 561 562 563 564 564 565 567 567 568 569 569 570 571 571
651 649 649 646 639 636 633 631 629 627 625 625 622 621 620 619 618 617 615 613 613 610 608 606 603 601 599 597 597 594 588 585 583 581 579 577 575 575 570 567 564 561 559 557 554 552 552 548 547 545 543 542 541 541 541 541 542 542 543 543 544 544 545 545 546 547 548 549 550 551 552 553 553 557 558 559 561 562 563 564 564 565 567 567 568 569 569 570 571 571
654 651 651 648 641 638 634 632 630 629 627 627 624 623 622 621 620 618 617 614 614 611 609 607 604 601 599 596 596 594 588 585 583 582 580 578 576 576 571 568 565 562 559 557 554 551 551 548 546 545 544 542 541 540 540 540 541 541 542 542 543 543 544 544 545 546 547 547 548 550 551 552 552 555 556 558 559 561 562 563 563 564 565 566 566 567 567 568 569 569
658 655 655 652 645 642 639 636 635 633 632 632 629 627 626 624 623 621 620 617 617 612 610 608 605 602 599 597 597 595 590 588 585 584 582 581 578 578 573 571 568 564 561 559 556 553 553 549 547 546 544 543 542 540 540 539 539 539 539 540 540 541 541 541 543 543 544 545 546 547 548 549 549 552 553 555 556 557 559 559 559 560 562 563 563 563 564 565 565 565
661 658 658 654 647 644 642 639 638 636 634 634 631 629 627 626 624 623 621 619 619 613 611 608 606 604 601 598 598 596 592 590 587 585 584 582 580 580 575 572 570 566 563 560 558 555 555 550 548 546 545 544 542 541 541 539 537 538 538 538 539 540 540 540 541 542 543 543 544 545 546 548 548 550 552 553 554 555 556 557 557 558 560 561 561 562 562 563 563 563
664 660 660 657 650 647 644 642 640 639 637 637 633 631 629 627 626 624 622 620 620 614 612 609 607 605 603 600 600 598 594 592 590 587 585 584 582 582 577 574 572 569 566 563 560 558 558 551 549 547 546 544 543 541 541 540 538 536 537 537 538 538 539 539 540 540 541 542 543 544 545 546 546 549 550 551 552 553 554 555 555 556 558 559 559 560 560 561 561 561
667 663 663 660 653 650 647 645 643 641 639 639 634 632 630 629 627 625 623 621 621 615 613 610 608 607 605 602 602 600 597 595 592 590 588 586 584 584 580 577 574 571 568 565 563 560 560 553 550 548 547 545 544 542 542 541 538 537 536 536 536 537 538 538 539 539 539 540 541 542 543 544 544 547 548 549 550 551 552 553 553 554 556 556 557 558 558 559 559 559
669 666 666 662 656 653 650 648 646 644 642 642 636 634 632 630 628 626 624 621 621 617 614 612 610 609 607 605 605 603 599 597 595 593 591 589 587 587 582 580 577 574 571 568 565 563 563 556 552 549 547 546 544 543 543 542 539 538 536 536 536 536 536 536 537 538 538 538 539 539 540 541 541 544 546 547 548 549 550 550 550 551 553 554 555 556 557 557 558 558
671 668 668 665 659 656 653 651 649 647 645 645 638 635 633 631 629 627 625 622 622 618 616 614 612 611 610 608 608 606 602 600 598 596 593 591 589 589 585 583 580 577 574 571 568 565 565 559 555 551 548 547 545 544 544 543 540 538 537 536 535 535 536 536 536 536 536 537 537 537 538 539 539 542 543 545 546 547 547 548 548 549 551 552 553 553 554 555 556 556
673 671 671 667 661 658 656 653 651 649 647 647 641 637 634 632 630 628 625 623 623 619 618 616 614 613 612 611 611 609 605 603 600 598 596 594 592 592 588 586 584 581 577 574 571 568 568 562 559 554 550 548 546 545 545 544 541 539 538 536 536 535 535 535 535 535 535 535 536 536 536 536 536 539 541 542 544 545 546 546 546 547 549 549 550 551 553 553 554 554
673 671 671 667 661 658 656 653 651 649 647 647 641 637 634 632 630 628 625 623 623 619 618 616 614 613 612 611 611 609 605 603 600 598 596 594 592 592 588 586 584 581 577 574 571 568 568 562 559 554 550 548 546 545 545 544 541 539 538 536 536 535 535 535 535 535 535 535 536 536 536 536 536 539 541 542 544 545 546 546 546 547 549 549 550 551 553 553 554 554
677 674 674 672 665 662 660 657 655 653 651 651 646 643 639 636 633 631 629 626 626 622 621 619 618 618 616 615 615 614 611 608 606 603 601 599 597 597 593 591 589 587 584 580 577 574 574 568 564 561 556 551 548 547 547 545 542 541 540 538 537 536 535 535 534 534 534 534 534 534 534 534 534 536 537 538 540 541 542 543 543 544 545 546 547 548 549 550 551 551
679 676 676 673 667 664 662 659 657 655 653 653 648 646 642 638 635 633 631 629 629 624 623 622 621 620 619 618 618 617 613 610 608 606 603 601 599 599 595 593 591 588 586 582 579 576 576 570 566 563 559 554 550 548 548 546 543 542 540 539 538 536 536 536 534 534 533 533 533 533 533 533 533 534 535 537 538 539 540 541 541 542 544 544 545 547 548 549 550 550
682 678 678 675 669 666 664 661 659 657 655 655 650 648 645 641 638 635 633 632 632 627 626 624 623 622 622 621 621 620 615 613 610 608 606 603 601 601 597 595 593 590 587 584 581 578 578 572 568 565 562 557 552 549 549 548 544 543 541 540 538 537 536 536 535 534 534 533 533 533 532 532 532 532 534 535 537 538 539 540 540 540 542 543 544 545 546 548 549 549
683 680 680 677 671 668 665 663 661 658 656 656 652 650 647 644 641 639 636 634 634 631 629 628 626 625 624 624 624 623 619 616 613 610 608 606 603 603 599 597 595 592 589 586 583 580 580 573 570 567 563 560 555 551 551 549 546 544 543 541 540 538 537 537 535 535 534 534 533 533 532 532 532 531 532 534 535 536 537 538 538 539 540 541 542 543 545 546 548 548
685 682 682 679 672 669 667 665 662 660 658 658 654 652 649 647 645 642 640 637 637 634 632 631 630 628 627 626 626 625 622 619 615 612 610 608 605 605 601 599 597 594 591 588 585 581 581 575 572 568 565 561 557 553 553 550 547 545 544 542 541 539 538 538 536 535 535 534 533 533 533 532 532 531 531 532 534 535 536 536 536 537 539 539 540 541 543 544 546 546
686 683 683 680 674 671 668 666 664 662 660 660 655 653 651 649 648 646 643 641 641 637 636 634 633 631 630 628 628 627 623 622 618 615 612 610 607 607 603 601 599 597 593 590 586 583 583 576 573 570 566 563 559 555 555 552 548 547 545 543 542 540 539 539 536 536 535 534 534 533 533 532 532 531 531 531 532 533 534 535 535 536 537 537 538 539 540 542 543 543
687 684 684 682 675 673 670 668 665 663 661 661 657 655 653 651 650 648 646 644 644 640 638 637 635 634 632 630 630 629 625 623 620 617 614 612 609 609 605 603 601 598 595 591 588 584 584 578 575 571 568 564 560 557 557 554 550 548 546 545 543 541 540 540 537 536 536 535 534 534 533 532 532 531 531 530 531 532 533 534 534 535 536 536 536 537 538 539 540 540
688 686 686 683 677 674 671 669 667 665 663 663 659 657 655 653 652 650 648 647 647 643 641 639 638 636 634 632 632 630 627 625 622 619 617 614 612 612 607 605 602 600 597 593 589 585 585 579 576 573 569 565 561 558 558 556 551 549 548 546 544 543 541 541 538 537 536 535 535 534 533 532 532 531 531 530 530 531 532 533 533 534 535 535 535 536 536 537 538 538
688 686 686 683 677 674 671 669 667 665 663 663 659 657 655 653 652 650 648 647 647 643 641 639 638 636 634 632 632 630 627 625 622 619 617 614 612 612 607 605 602 600 597 593 589 585 585 579 576 573 569 565 561 558 558 556 551 549 548 546 544 543 541 541 538 537 536 535 535 534 533 532 532 531 531 530 530 531 532 533 533 534 535 535 535 536 536 537 538 538
690 688 688 685 680 677 675 672 670 669 667 667 662 660 658 656 655 654 652 651 651 648 646 644 642 640 638 635 635 633 629 627 625 623 620 618 615 615 611 608 605 603 600 596 592 588 588 582 579 576 573 568 564 561 561 558 554 552 551 549 547 545 543 543 540 539 537 536 536 535 534 533 533 531 531 530 530 530 531 531 531 532 533 533 534 534 534 535 535 535
691 689 689 686 682 679 677 674 672 671 669 669 664 662 660 658 657 655 654 653 653 650 648 647 645 643 640 637 637 634 631 629 627 624 622 620 617 617 612 610 607 604 601 598 594 590 590 583 580 577 574 570 566 563 563 560 556 554 552 550 548 547 545 545 541 539 538 537 536 535 534 533 533 531 531 530 529 530 530 531 531 531 532 532 533 533 534 534 534 534
692 690 690 687 683 681 679 676 674 673 671 671 667 665 662 660 658 657 656 654 654 652 650 649 647 645 643 640 640 637 632 630 628 626 624 621 619 619 614 611 608 605 602 599 595 591 591 584 582 579 576 572 569 565 565 562 557 555 553 551 549 547 545 545 541 539 537 536 536 535 534 533 533 531 530 530 529 529 530 530 530 530 531 532 532 533 533 533 534 534
692 690 690 688 684 683 680 678 676 674 673 673 669 667 665 663 661 659 658 656 656 654 653 651 650 648 646 644 644 640 634 632 629 627 625 623 620 620 615 613 610 607 603 600 596 593 593 586 583 581 578 574 571 567 567 564 559 557 555 553 551 549 546 546 541 539 537 536 535 535 534 533 533 531 530 530 529 529 529 530 530 530 531 531 531 532 532 533 533 533
693 691 691 689 685 684 682 680 678 676 674 674 671 670 668 666 664 662 660 658 658 656 655 654 652 651 649 647 647 644 636 633 631 629 627 624 622 622 617 614 611 608 604 601 597 594 594 588 585 583 580 577 574 570 570 566 560 558 556 554 552 550 548 548 543 539 537 536 535 535 534 533 533 531 530 529 529 528 529 529 529 530 530 530 531 531 531 532 532 532
693 692 692 690 686 685 683 681 679 678 676 676 673 672 671 670 668 665 662 661 661 658 657 656 655 653 652 650 650 647 639 635 633 631 628 626 624 624 618 615 612 609 606 602 598 596 596 590 588 585 583 580 576 573 573 569 562 560 558 556 553 551 549 549 543 540 538 536 536 535 534 533 533 531 530 529 529 528 528 529 529 529 530 530 530 531 531 531 532 532
694 692 692 691 687 686 684 683 681 679 677 677 674 674 673 672 670 668 665 663 663 660 659 658 657 656 654 652 652 650 643 638 634 632 630 628 625 625 620 617 614 610 607 604 600 597 597 593 590 588 586 583 579 576 576 572 565 562 559 557 555 552 550 550 545 542 539 537 536 535 534 533 533 531 530 529 529 528 528 528 528 529 529 529 530 530 530 531 531 531
695 693 693 691 688 687 685 684 682 680 679 679 676 675 674 672 671 669 667 665 665 662 661 660 659 658 657 655 655 653 647 642 638 634 632 630 627 627 621 618 615 612 608 605 602 599 599 595 593 591 588 585 582 578 578 575 568 564 561 559 556 554 552 552 546 543 540 538 536 535 534 533 533 531 530 530 529 528 528 528 528 528 529 529 529 529 530 530 531 531
695 693 693 691 688 687 685 684 682 680 679 679 676 675 674 672 671 669 667 665 665 662 661 660 659 658 657 655 655 653 647 642 638 634 632 630 627 627 621 618 615 612 608 605 602 599 599 595 593 591 588 585 582 578 578 575 568 564 561 559 556 554 552 552 546 543 540 538 536 535 534 533 533 531 530 530 529 528 528 528 528 528 529 529 529 529 530 530 531 531
697 694 694 693 690 688 687 685 684 683 681 681 678 676 675 673 672 670 669 667 667 665 664 663 662 662 661 660 660 659 652 648 644 640 637 634 631 631 625 621 618 614 611 608 606 604 604 600 598 595 592 590 587 583 583 580 573 569 566 562 560 557 555 555 549 546 543 539 537 536 535 534 534 532 531 530 529 529 528 527 527 527 528 528 528 528 529 529 529 529
698 695 695 694 690 689 687 686 685 683 682 682 678 676 675 673 672 671 669 668 668 666 665 664 663 663 662 661 661 659 654 650 647 643 640 637 634 634 627 623 620 616 613 610 608 606 606 602 600 597 594 591 588 585 585 581 575 572 568 564 561 559 556 556 551 548 544 540 537 536 535 534 534 532 531 530 529 529 528 527 527 527 527 527 528 528 528 528 529 529
700 697 697 694 691 689 688 686 685 684 682 682 678 677 675 674 672 671 669 668 668 667 666 665 664 663 662 661 661 660 655 652 649 646 642 639 636 636 629 625 622 618 615 612 610 608 608 604 601 599 596 593 590 586 586 583 577 574 570 567 563 560 558 558 552 550 546 542 538 536 535 534 534 532 531 530 530 529 528 527 527 527 527 527 527 527 528 528 528 528
703 699 699 695 692 689 688 686 685 683 682 682 679 677 675 674 673 672 670 669 669 668 667 666 665 664 663 661 661 660 657 654 651 648 644 641 638 638 631 627 623 620 618 615 612 610 610 605 603 601 598 595 591 588 588 584 579 576 573 569 565 562 559 559 554 551 548 544 539 536 536 535 535 533 532 531 530 529 528 528 528 527 526 526 527 527 527 527 528 528
705 701 701 697 692 690 687 685 684 682 681 681 679 677 676 674 673 672 671 670 670 668 667 666 665 664 663 662 662 661 658 655 652 649 646 642 639 639 632 629 625 622 620 618 615 612 612 607 605 602 600 597 593 589 589 586 580 577 574 571 567 564 561 561 555 553 550 546 541 537 536 535 535 533 532 531 530 529 528 528 528 527 526 526 526 526 527 527 527 527
708 703 703 698 693 690 687 684 683 682 681 681 679 677 676 675 674 673 672 671 671 669 668 667 665 664 663 662 662 661 659 656 653 650 647 644 640 640 633 630 627 625 623 621 618 614 614 609 607 604 601 599 596 591 591 587 581 578 576 573 569 566 563 563 557 554 551 548 543 538 536 535 535 533 532 531 531 530 529 528 528 527 526 525 526 526 526 526 527 527
