data/hubbard_brook/ascii_hubbard_clipped.txt
ncols        860
nrows        520
xllcorner    274969.702300000004
yllcorner    4866237.345599999651
dx           9.999982558140
dy           10.000091346154
NODATA_value -2147483647
[rows 200 to 239 of 520, columns 630 to 719 of 860]
401 399 396 393 391 390 390 387 385 383 382 380 379 377 377 375 373 372 371 370 369 369 368 368 365 362 358 356 353 351 351 350 350 351 352 354 355 355 356 356 356 356 356 355 354 354 355 355 355 355 354 354 354 353 351 351 351 353 353 356 358 359 360 361 361 361 361 361 362 362 362 362 362 362 361 361 362 362 363 362 362 362 363 363 364 367 367 368 368 368
401 399 396 393 391 390 390 387 385 383 382 380 379 377 377 375 373 372 371 370 369 369 368 368 365 362 358 356 353 351 351 350 350 351 352 354 355 355 356 356 356 356 356 355 354 354 355 355 355 355 354 354 354 353 351 351 351 353 353 356 358 359 360 361 361 361 361 361 362 362 362 362 362 362 361 361 362 362 363 362 362 362 363 363 364 367 367 368 368 368
403 400 398 395 393 392 392 388 386 384 382 380 379 377 377 373 371 368 367 366 367 367 367 367 366 364 360 357 354 352 350 347 347 343 343 344 345 347 348 349 349 350 349 347 346 345 345 345 346 346 347 347 347 346 346 347 348 349 349 352 354 355 356 357 358 358 358 359 359 359 359 359 358 358 357 357 356 356 356 356 357 358 359 359 359 362 362 362 362 362
404 401 399 396 394 392 392 388 386 384 382 380 378 376 376 372 369 367 365 366 366 366 367 367 367 365 362 359 355 353 349 346 346 341 340 340 340 341 342 342 342 343 342 342 341 339 339 339 340 340 342 342 343 343 343 344 346 347 347 351 352 354 355 356 357 357 357 358 358 358 358 358 357 356 355 355 354 353 354 354 355 356 356 356 357 358 359 359 359 357
405 402 400 397 395 393 393 389 387 385 383 381 379 376 376 372 369 366 365 365 365 366 366 366 366 366 364 361 356 354 351 347 347 341 339 338 339 339 338 339 339 338 337 337 335 333 332 332 333 333 336 337 338 339 340 342 344 345 345 349 351 352 354 355 355 356 356 356 357 357 357 357 356 355 354 354 352 352 352 352 353 353 354 354 355 356 356 356 356 354
406 403 400 398 395 393 393 389 387 385 383 381 379 377 377 372 369 366 365 364 364 365 366 366 366 366 366 362 359 355 352 348 348 342 340 339 338 337 337 337 337 333 331 331 330 329 328 327 328 328 329 330 331 334 337 340 342 343 343 347 348 350 352 353 354 354 354 355 356 356 356 356 355 354 353 353 351 350 350 350 350 351 352 352 352 353 353 353 354 352
406 404 401 398 396 393 393 389 387 385 383 381 379 377 377 371 369 367 365 364 364 364 365 365 365 365 364 362 358 355 353 349 349 342 340 339 338 336 335 334 334 330 328 328 327 326 326 326 325 325 326 327 328 331 334 337 339 341 341 344 346 347 349 351 352 352 352 354 355 355 355 355 354 353 352 352 350 349 348 348 348 349 349 349 349 350 351 351 351 350
407 404 401 399 396 393 393 389 387 385 383 381 380 378 378 371 369 366 365 363 363 362 362 362 363 363 362 361 358 355 354 350 350 343 341 339 337 336 334 333 333 330 328 327 326 326 325 325 325 325 325 326 326 328 331 334 336 338 338 342 343 344 346 347 349 350 350 353 354 354 354 354 353 352 351 351 348 347 346 345 345 345 346 346 347 348 348 348 348 348
407 404 402 399 396 394 394 389 387 385 383 381 380 378 378 371 369 366 365 363 362 360 359 359 359 360 359 359 357 356 354 351 351 343 341 339 337 335 333 332 332 329 328 327 326 326 325 325 325 325 325 325 326 327 329 331 333 335 335 339 340 341 342 344 346 348 348 351 352 353 352 352 351 350 349 349 347 346 344 343 341 342 343 343 344 345 345 345 346 346
407 405 402 399 396 394 394 389 387 385 383 381 380 377 377 371 368 366 365 363 360 358 356 356 356 357 357 357 357 356 354 351 351 344 341 339 337 335 332 331 331 328 328 327 326 326 326 325 325 325 325 325 325 326 327 329 331 333 333 335 337 338 339 341 343 345 345 349 350 350 350 349 349 348 347 347 345 344 343 341 340 340 341 341 342 342 343 343 343 344
407 405 402 399 396 394 394 389 387 385 383 381 380 377 377 371 368 366 365 363 360 358 356 356 356 357 357 357 357 356 354 351 351 344 341 339 337 335 332 331 331 328 328 327 326 326 326 325 325 325 325 325 325 326 327 329 331 333 333 335 337 338 339 341 343 345 345 349 350 350 350 349 349 348 347 347 345 344 343 341 340 340 341 341 342 342 343 343 343 344
408 405 402 399 397 394 394 389 387 385 384 381 379 377 377 371 368 365 363 361 359 356 354 354 353 353 353 354 354 353 351 348 348 343 341 339 336 334 331 329 329 328 328 327 327 327 326 326 325 325 325 325 325 325 325 326 327 328 328 329 330 331 333 335 338 340 340 344 344 345 345 345 345 344 344 344 343 342 340 338 336 336 335 335 335 336 337 337 338 339
408 405 402 399 397 394 394 389 387 386 384 382 379 377 377 370 367 365 363 361 359 357 355 355 352 352 352 352 352 351 349 346 346 343 341 338 336 333 330 329 329 329 328 328 328 327 327 326 326 326 325 325 324 324 324 324 324 325 325 326 327 328 329 332 335 337 337 341 342 343 343 343 343 343 342 342 341 340 338 336 335 334 332 332 331 333 333 334 335 336
408 405 402 400 397 395 395 390 388 386 384 382 380 378 378 370 367 365 363 361 359 357 355 355 352 351 351 350 350 349 347 344 344 341 340 338 336 333 331 330 330 329 329 329 328 328 327 327 326 326 325 325 324 324 323 323 322 323 323 323 324 325 327 329 332 334 334 338 340 341 341 341 341 340 339 339 338 336 335 333 332 331 330 330 328 329 330 331 332 333
408 405 403 400 398 395 395 390 388 387 385 383 381 378 378 371 367 365 363 361 359 357 355 355 352 351 350 349 348 347 345 342 342 340 339 337 335 334 332 331 331 330 330 329 329 329 328 327 327 327 326 325 324 323 322 321 320 320 320 320 321 322 324 326 329 331 331 335 336 337 337 336 337 336 335 335 333 332 332 331 330 329 327 327 326 326 327 327 328 329
409 406 404 401 399 396 396 391 389 387 385 383 381 379 379 372 368 365 363 361 359 357 355 355 352 351 349 348 347 346 344 342 342 339 338 337 336 334 333 332 332 331 331 330 330 329 329 328 327 327 326 325 324 323 321 320 319 318 318 318 318 318 320 322 325 328 328 330 331 332 332 332 332 331 330 330 328 328 328 328 327 326 325 325 323 323 323 323 324 325
410 407 405 403 400 397 397 392 390 387 385 383 381 379 379 373 369 366 364 362 359 357 354 354 352 351 349 348 347 345 343 342 342 340 338 337 336 335 334 333 333 332 332 331 331 330 329 328 328 328 327 326 325 323 321 318 318 317 317 316 316 316 317 318 320 323 323 326 327 328 328 327 327 326 325 325 323 323 323 323 322 322 321 321 321 319 319 318 318 320
411 408 406 404 401 398 398 393 390 388 386 384 382 380 380 373 370 367 365 363 360 357 355 355 352 351 350 348 347 345 344 342 342 340 339 338 337 336 335 334 334 333 332 332 331 331 330 329 328 328 327 327 326 324 322 319 318 316 316 315 315 315 314 315 316 318 318 320 321 322 322 322 322 321 320 320 319 318 317 317 318 318 318 318 318 316 316 315 315 316
411 408 406 404 401 398 398 393 390 388 386 384 382 380 380 373 370 367 365 363 360 357 355 355 352 351 350 348 347 345 344 342 342 340 339 338 337 336 335 334 334 333 332 332 331 331 330 329 328 328 327 327 326 324 322 319 318 316 316 315 315 315 314 315 316 318 318 320 321 322 322 322 322 321 320 320 319 318 317 317 318 318 318 318 318 316 316 315 315 316
411 409 407 405 402 399 399 393 390 388 386 384 382 380 380 374 371 368 366 363 361 358 356 356 353 351 350 348 347 345 344 343 343 340 339 338 337 336 336 335 335 333 333 332 332 332 331 330 329 329 329 328 327 326 324 322 320 318 318 316 315 315 315 314 314 315 315 316 316 316 317 317 317 317 316 316 315 315 314 315 315 315 315 315 315 314 313 313 313 313
413 411 408 406 404 401 401 394 391 389 386 384 382 380 380 375 372 370 367 365 362 359 357 357 353 352 350 349 347 346 344 343 343 341 340 339 338 337 337 336 336 335 335 334 334 333 333 333 332 332 332 331 331 330 329 328 326 324 324 320 318 316 315 315 314 314 314 314 313 313 313 313 313 312 312 312 311 311 311 310 310 310 310 310 310 309 308 308 307 308
414 411 409 406 404 401 401 394 391 389 387 385 382 380 380 375 372 370 367 365 362 360 357 357 354 352 350 349 347 346 345 343 343 341 340 339 339 338 337 337 337 336 335 335 335 335 334 334 334 334 333 333 333 332 331 330 329 327 327 322 320 318 316 316 315 315 315 314 314 314 313 313 313 312 312 312 311 310 309 308 308 308 308 308 307 307 306 305 305 305
414 412 409 407 404 402 402 395 392 389 387 385 382 380 380 375 372 369 367 364 362 360 358 358 354 352 351 349 347 346 345 343 343 341 340 340 339 338 338 337 337 337 336 336 336 336 336 336 336 336 335 335 334 334 333 332 331 329 329 325 322 320 319 318 317 317 317 315 314 314 313 313 313 312 312 312 311 309 308 306 306 305 305 305 305 305 304 303 303 303
415 412 410 407 405 402 402 396 393 390 388 385 382 379 379 374 372 369 366 364 362 360 358 358 354 352 351 349 348 346 345 344 344 341 340 340 339 338 338 338 338 337 337 338 338 338 338 338 338 338 338 337 337 336 335 334 332 331 331 327 325 323 321 321 320 319 319 317 316 315 314 314 313 312 312 312 310 309 308 305 304 304 304 304 304 303 303 303 302 302
416 413 411 408 405 403 403 397 394 391 388 386 383 380 380 374 371 368 365 364 362 359 357 357 353 352 350 349 348 346 345 343 343 341 341 340 339 339 338 338 338 338 338 339 340 340 340 340 340 340 340 339 339 338 337 335 334 333 333 329 327 326 324 323 323 322 322 319 317 317 316 315 315 314 313 313 311 310 309 307 305 304 303 303 303 303 303 303 302 302
417 414 411 409 406 404 404 398 395 392 389 387 383 380 380 375 372 368 366 364 361 359 357 357 353 352 350 349 348 346 345 344 344 341 341 340 339 339 339 338 338 339 339 340 341 341 342 342 342 342 342 341 341 340 339 337 336 335 335 331 329 328 327 326 326 325 325 322 320 319 319 318 317 316 315 315 313 312 310 309 308 306 305 305 304 304 303 303 303 302
419 415 412 409 407 405 405 399 396 393 391 388 384 381 381 375 372 369 366 364 362 359 357 357 353 352 350 349 348 346 345 344 344 342 341 340 339 339 339 339 339 340 340 341 342 343 343 343 343 343 343 343 342 342 341 339 338 337 337 333 332 330 330 330 329 328 328 325 324 323 322 321 320 318 317 317 316 314 313 311 310 309 308 308 307 306 306 305 305 305
419 415 412 409 407 405 405 399 396 393 391 388 384 381 381 375 372 369 366 364 362 359 357 357 353 352 350 349 348 346 345 344 344 342 341 340 339 339 339 339 339 340 340 341 342 343 343 343 343 343 343 343 342 342 341 339 338 337 337 333 332 330 330 330 329 328 328 325 324 323 322 321 320 318 317 317 316 314 313 311 310 309 308 308 307 306 306 305 305 305
422 417 413 411 408 405 405 400 397 394 392 389 386 382 382 376 373 370 367 364 362 360 357 357 354 352 351 349 347 346 345 343 343 341 341 340 340 339 339 340 340 341 342 343 344 345 346 346 347 347 346 346 346 345 344 343 342 341 341 338 337 337 336 336 335 334 334 332 330 330 329 328 327 326 324 324 321 320 318 317 316 316 315 315 315 314 314 313 312 312
423 418 414 411 408 406 406 400 397 395 392 389 386 383 383 377 373 370 367 364 362 360 357 357 354 352 351 349 347 346 344 343 343 341 340 340 340 340 340 340 340 342 344 345 346 347 347 348 348 348 348 348 347 347 346 345 344 342 342 340 340 339 339 339 338 337 337 335 334 333 332 331 330 330 328 328 325 323 321 320 320 320 319 319 319 318 318 317 316 315
424 419 415 412 409 406 406 400 397 394 392 389 386 383 383 378 374 370 367 364 362 359 357 357 354 352 350 349 347 345 344 343 343 341 340 340 340 340 340 341 341 344 345 346 348 348 349 350 350 350 350 350 349 349 348 347 346 344 344 342 342 342 342 341 341 340 340 338 337 336 335 335 334 333 332 332 329 327 326 325 325 324 324 324 323 322 321 320 319 318
424 420 415 412 409 406 406 400 397 394 391 389 386 383 383 378 374 369 366 364 361 359 357 357 354 352 350 348 346 345 344 342 342 341 340 340 340 340 340 341 341 345 346 348 349 350 351 352 352 352 352 351 351 351 350 349 348 346 346 345 344 344 344 344 343 342 342 341 341 340 339 338 337 335 334 334 332 330 329 329 329 329 328 328 328 326 325 324 323 323
425 420 416 413 409 406 406 400 397 394 391 388 385 383 383 377 373 369 365 363 361 358 357 357 353 351 350 348 346 345 343 342 342 340 340 340 340 340 341 342 342 346 348 349 351 352 353 354 354 354 354 353 353 353 352 351 350 349 349 347 346 346 346 345 345 345 345 344 343 343 342 341 340 338 337 337 335 333 333 333 333 332 332 332 331 330 329 328 327 326
425 421 416 413 410 406 406 400 397 393 390 387 384 382 382 375 371 367 364 362 360 357 356 356 353 351 349 347 346 344 342 341 341 340 340 340 340 340 341 343 343 348 349 351 353 354 355 356 356 356 356 355 355 355 354 353 352 351 351 349 349 348 348 347 347 347 347 346 345 345 344 343 342 341 340 340 337 337 336 336 336 336 335 335 335 333 332 331 330 329
427 422 417 413 410 407 407 400 397 393 389 387 384 380 380 373 369 365 363 360 358 356 354 354 352 350 348 347 345 343 342 341 341 340 340 340 340 341 342 345 345 349 351 353 354 356 357 358 358 358 358 358 357 357 356 355 354 352 352 350 350 350 350 350 349 349 349 348 347 347 346 345 344 343 342 342 340 339 339 339 339 339 338 338 338 336 335 334 333 333
428 424 418 414 410 407 407 400 396 393 390 387 383 380 380 372 367 364 362 359 357 355 353 353 351 349 347 346 344 342 341 340 340 340 340 340 340 341 344 346 346 351 353 355 356 358 359 360 361 361 361 360 360 359 358 357 355 354 354 352 352 352 352 352 352 351 351 350 349 348 348 347 346 345 344 344 342 342 342 342 342 342 342 342 341 339 338 337 337 337
428 424 418 414 410 407 407 400 396 393 390 387 383 380 380 372 367 364 362 359 357 355 353 353 351 349 347 346 344 342 341 340 340 340 340 340 340 341 344 346 346 351 353 355 356 358 359 360 361 361 361 360 360 359 358 357 355 354 354 352 352 352 352 352 352 351 351 350 349 348 348 347 346 345 344 344 342 342 342 342 342 342 342 342 341 339 338 337 337 337
429 426 421 416 412 408 408 400 397 393 390 386 383 380 380 371 366 363 360 357 354 353 351 351 349 348 346 345 343 342 341 340 340 340 340 340 341 343 346 349 349 354 356 358 360 362 364 365 366 366 366 366 364 363 362 360 358 357 357 355 355 356 356 356 355 355 355 353 353 352 351 350 350 349 348 348 347 347 346 346 345 345 345 345 344 343 343 342 342 342
429 427 422 418 413 409 409 400 397 393 389 386 382 379 379 370 366 363 359 356 354 352 351 351 348 347 346 344 343 341 341 340 340 340 340 340 341 344 347 350 350 356 358 360 362 364 366 367 367 367 368 367 366 365 363 362 360 359 359 358 357 357 357 357 356 356 356 355 354 354 353 352 351 351 350 350 350 349 348 348 347 346 346 346 345 344 344 343 343 343
429 427 423 418 414 409 409 400 396 393 389 385 382 378 378 369 365 362 358 356 353 352 350 350 348 347 345 344 343 341 341 340 340 340 340 340 342 345 348 351 351 357 359 362 364 366 367 368 369 369 369 369 368 366 365 363 362 361 361 360 360 360 359 359 358 357 357 356 356 355 354 353 353 353 352 352 352 351 350 349 349 348 347 347 346 345 344 344 344 343
